INT	INT
INT	INT
10155001	200
10155002	1000
10155003	600

10171001	200
10171002	200
10171003	200
10171004	200
10171005	200
10171006	200
10171007	200
10171008	200
10171009	200
10171010	200
10171011	200
10171012	200
10171013	200
10171014	200
10171015	200
10171016	200
10171017	200
10171018	200
10171019	200
10171020	200
10171021	200
10171022	200
10171023	200
10171024	200
10171025	200
10171026	200
10171027	200
10171028	200
10171029	200
10171030	200
10171031	200
10171032	200
10171033	200
10171034	200
10171035	200
10171036	200
10171037	200
10171038	200
10171039	200
10171040	200
10171041	200
10171042	200
10171043	200
10171044	200
10171045	200
10171046	200
10171047	200
10171048	200
10171049	200
10171050	200
10171051	200
10171052	200
10171053	200
10171054	200
10171055	200
10171056	200
10171057	200
10171058	200
10171059	200
10171060	200
10171061	200
10171062	200
10171063	200
10171064	200
10171065	200
10171066	200
10171067	200
10171068	200
10171069	200
10171070	200
10171071	200
10171072	200
10171073	200
10171074	200
10171075	200
10171076	200
10171077	200
10171078	200
10171079	200
10171080	200
10171081	200
10171082	200
10171083	200
10171084	200
10171085	200
10171086	200
10171087	200
10171088	200
10171089	200
10171090	200
10171091	200
10171092	200
10171093	200
10171094	200
10171095	200
10171096	200
10171097	200
10171098	200
10171099	200
10171100	200
10171101	200
10171102	200
10171103	200
10171104	200
10171105	200
10171106	200
10171107	200
10171108	200
10171109	200
10171110	200
10171111	200
10171112	200
10171113	200
10171114	200
10171115	200
10171116	200
10171117	200
10171118	200
10171119	200
10171120	200
10171121	200
10171122	200
10171123	200
10171124	200
10171125	200
10171126	200
10171127	200
10171128	200
10171129	200
10171130	200
10171131	200
10171132	200
10171133	200
10171134	200
10171135	200
10171136	200
10171137	200
10171138	200
10171139	200
10171140	200
10171141	200
10171142	200
10171143	200
10171144	200
10171145	200
10171146	200
10171147	200
10171148	200
10171149	200
10171150	200
10171151	200
10171152	200
10171153	200
10171154	200
10171155	200
10171156	200
10171157	200
10171158	200
10171159	200
10171160	200
10171161	200
10171162	200
10171163	200
10171164	200
10171165	200
10171166	200
10171167	200
10171168	200
10171169	200
10171170	200
10172001	1000
10172002	1000
10172003	1000
10172004	1000
10172005	1000
10172006	1000
10172007	1000
10172008	1000
10172009	1000
10172010	1000
10172011	1000
10172012	1000
10172013	1000
10172014	1000
10172015	1000
10172016	1000
10172017	1000
10172018	1000
10172019	1000
10172020	1000
10172021	1000
10172022	1000
10172023	1000
10172024	1000
10172025	1000
10172026	1000
10172027	1000
10172028	1000
10172029	1000
10172030	1000
10172031	1000
10172032	1000
10172033	1000
10172034	1000
10172035	1000
10172036	1000
10172037	1000
10172038	1000
10172039	1000
10172040	1000
10172041	1000
10172042	1000
10172043	1000
10172044	1000
10172045	1000
10172046	1000
10172047	1000
10172048	1000
10172049	1000
10172050	1000
10172051	1000
10172052	1000
10172053	1000
10172054	1000
10172055	1000
10172056	1000
10172057	1000
10172058	1000
10172059	1000
10172060	1000
10172061	1000
10172062	1000
10172063	1000
10172064	1000
10172065	1000
10172066	1000
10172067	1000
10172068	1000
10172069	1000
10172070	1000
10172071	1000
10172072	1000
10172073	1000
10172074	1000
10172075	1000
10172076	1000
10172077	1000
10172078	1000
10172079	1000
10172080	1000
10172081	1000
10172082	1000
10172083	1000
10172084	1000
10172085	1000
10172086	1000
10172087	1000
10172088	1000
10172089	1000
10172090	1000
10172091	1000
10172092	1000
10172093	1000
10172094	1000
10172095	1000
10172096	1000
10172097	1000
10172098	1000
10172099	1000
10172100	1000
10172101	1000
10172102	1000
10172103	1000
10172104	1000
10172105	1000
10172106	1000
10172107	1000
10172108	1000
10172109	1000
10172110	1000
10172111	1000
10172112	1000
10172113	1000
10172114	1000
10172115	1000
10172116	1000
10172117	1000
10172118	1000
10172119	1000
10172120	1000
10172121	1000
10172122	1000
10172123	1000
10172124	1000
10172125	1000
10172126	1000
10172127	1000
10172128	1000
10172129	1000
10172130	1000
10172131	1000
10172132	1000
10172133	1000
10172134	1000
10172135	1000
10172136	1000
10172137	1000
10172138	1000
10172139	1000
10172140	1000
10172141	1000
10172142	1000
10172143	1000
10172144	1000
10172145	1000
10172146	1000
10172147	1000
10172148	1000
10172149	1000
10172150	1000
10172151	1000
10172152	1000
10172153	1000
10172154	1000
10172155	1000
10172156	1000
10172157	1000
10172158	1000
10172159	1000
10172160	1000
10172161	1000
10172162	1000
10172163	1000
10172164	1000
10172165	1000
10172166	1000
10172167	1000
10172168	1000
10172169	1000
10172170	1000
10173001	600
10173002	600
10173003	600
10173004	600
10173005	600
10173006	600
10173007	600
10173008	600
10173009	600
10173010	600
10173011	600
10173012	600
10173013	600
10173014	600
10173015	600
10173016	600
10173017	600
10173018	600
10173019	600
10173020	600
10173021	600
10173022	600
10173023	600
10173024	600
10173025	600
10173026	600
10173027	600
10173028	600
10173029	600
10173030	600
10173031	600
10173032	600
10173033	600
10173034	600
10173035	600
10173036	600
10173037	600
10173038	600
10173039	600
10173040	600
10173041	600
10173042	600
10173043	600
10173044	600
10173045	600
10173046	600
10173047	600
10173048	600
10173049	600
10173050	600
10173051	600
10173052	600
10173053	600
10173054	600
10173055	600
10173056	600
10173057	600
10173058	600
10173059	600
10173060	600
10173061	600
10173062	600
10173063	600
10173064	600
10173065	600
10173066	600
10173067	600
10173068	600
10173069	600
10173070	600
10173071	600
10173072	600
10173073	600
10173074	600
10173075	600
10173076	600
10173077	600
10173078	600
10173079	600
10173080	600
10173081	600
10173082	600
10173083	600
10173084	600
10173085	600
10173086	600
10173087	600
10173088	600
10173089	600
10173090	600
10173091	600
10173092	600
10173093	600
10173094	600
10173095	600
10173096	600
10173097	600
10173098	600
10173099	600
10173100	600
10173101	600
10173102	600
10173103	600
10173104	600
10173105	600
10173106	600
10173107	600
10173108	600
10173109	600
10173110	600
10173111	600
10173112	600
10173113	600
10173114	600
10173115	600
10173116	600
10173117	600
10173118	600
10173119	600
10173120	600
10173121	600
10173122	600
10173123	600
10173124	600
10173125	600
10173126	600
10173127	600
10173128	600
10173129	600
10173130	600
10173131	600
10173132	600
10173133	600
10173134	600
10173135	600
10173136	600
10173137	600
10173138	600
10173139	600
10173140	600
10173141	600
10173142	600
10173143	600
10173144	600
10173145	600
10173146	600
10173147	600
10173148	600
10173149	600
10173150	600
10173151	600
10173152	600
10173153	600
10173154	600
10173155	600
10173156	600
10173157	600
10173158	600
10173159	600
10173160	600
10173161	600
10173162	600
10173163	600
10173164	600
10173165	600
10173166	600
10173167	600
10173168	600
10173169	600
10173170	600
